object={
	name="tree_pine_impassable_01_a_generator_1_0"
	render_pass=Map
	clamp_to_water_level=no
	generated_content=yes
	layer="tree_high_layer"
	pdxmesh="tree_pine_impassable_01_a_mesh"
	count=23
	transform="4537.905762 0.000000 6156.183594 0.000000 0.378341 0.000000 0.925666 0.400000 0.400000 0.400000
4609.412598 0.000000 6186.239746 0.000000 0.218828 0.000000 -0.975763 0.400000 0.400000 0.400000
4607.844238 0.000000 6198.478027 0.000000 0.007502 0.000000 0.999972 0.400000 0.400000 0.400000
4727.632324 0.000000 6219.425781 0.000000 0.999526 0.000000 -0.030776 0.400000 0.400000 0.400000
4722.401367 0.000000 6205.592285 0.000000 0.337616 0.000000 0.941284 0.400000 0.400000 0.400000
4729.095703 0.000000 6211.062988 0.000000 0.758819 0.000000 0.651301 0.400000 0.400000 0.400000
4720.974609 0.000000 6213.958984 0.000000 0.927434 0.000000 -0.373987 0.400000 0.400000 0.400000
4732.184570 0.000000 6204.956543 0.000000 0.962974 0.000000 0.269596 0.400000 0.400000 0.400000
4740.630859 0.000000 6218.319336 0.000000 0.160710 0.000000 -0.987002 0.400000 0.400000 0.400000
4731.757324 0.000000 6222.548340 0.000000 0.999287 0.000000 -0.037747 0.400000 0.400000 0.400000
4725.032227 0.000000 6312.824219 0.000000 0.924016 0.000000 -0.382354 0.400000 0.400000 0.400000
4724.339844 0.000000 6318.523438 0.000000 0.651546 0.000000 -0.758609 0.400000 0.400000 0.400000
4734.328613 0.000000 6324.962402 0.000000 0.973372 0.000000 0.229231 0.400000 0.400000 0.400000
4765.868652 0.000000 6355.288086 0.000000 0.818468 0.000000 -0.574553 0.400000 0.400000 0.400000
4751.234863 0.000000 6353.205078 0.000000 0.269596 0.000000 -0.962974 0.400000 0.400000 0.400000
4759.412598 0.000000 6369.052246 0.000000 0.999959 0.000000 0.009006 0.400000 0.400000 0.400000
4769.818359 0.000000 6365.541016 0.000000 0.919443 0.000000 0.393223 0.400000 0.400000 0.400000
4754.403320 0.000000 6361.589844 0.000000 0.695717 0.000000 -0.718316 0.400000 0.400000 0.400000
4759.180176 0.000000 6350.500488 0.000000 0.782244 0.000000 0.622972 0.400000 0.400000 0.400000
4762.559570 0.000000 6361.996582 0.000000 0.898950 0.000000 -0.438051 0.400000 0.400000 0.400000
4758.564941 0.000000 6356.787598 0.000000 0.798606 0.000000 -0.601854 0.400000 0.400000 0.400000
4751.323730 0.000000 6367.208008 0.000000 0.788317 0.000000 0.615269 0.400000 0.400000 0.400000
4748.354980 0.000000 6361.811523 0.000000 0.289925 0.000000 -0.957049 0.400000 0.400000 0.400000
"}
