object={
	name="tree_leaf_01_single_generator_1_0"
	render_pass=Map
	clamp_to_water_level=no
	generated_content=yes
	layer="tree_high_layer"
	pdxmesh="tree_leaf_01_single_a_mesh"
	count=18
	transform="3277.614258 0.000000 5446.050293 0.000000 0.522274 0.000000 -0.852778 0.721417 0.721417 0.721417
3277.186523 0.000000 5463.642090 0.000000 0.814394 0.000000 0.580313 0.691344 0.691344 0.691344
3281.369873 0.000000 5447.784180 0.000000 0.872311 0.000000 -0.488952 0.718749 0.718749 0.718749
3282.889648 0.000000 5461.602051 0.000000 0.562710 0.000000 -0.826654 0.800338 0.800338 0.800338
3276.742188 0.000000 5460.270996 0.000000 0.908654 0.000000 0.417551 0.678922 0.678922 0.678922
3275.913330 0.000000 5448.859375 0.000000 0.345848 0.000000 0.938290 0.655313 0.655313 0.655313
3280.103760 0.000000 5462.682617 0.000000 0.000092 0.000000 1.000000 0.620397 0.620397 0.620397
3285.284180 0.000000 5461.762695 0.000000 0.915234 0.000000 -0.402922 0.731164 0.731164 0.731164
3278.783447 0.000000 5460.887207 0.000000 0.312677 0.000000 0.949860 0.590533 0.590533 0.590533
3277.139893 0.000000 5458.315430 0.000000 0.835869 0.000000 -0.548929 0.747728 0.747728 0.747728
3280.959473 0.000000 5460.900879 0.000000 0.973970 0.000000 -0.226676 0.724776 0.724776 0.724776
3275.715332 0.000000 5454.666992 0.000000 0.848786 0.000000 -0.528736 0.748680 0.748680 0.748680
3282.256348 0.000000 5453.614258 0.000000 0.301204 0.000000 -0.953560 0.872413 0.872413 0.872413
3278.505615 0.000000 5459.098145 0.000000 0.996003 0.000000 0.089324 0.688589 0.688589 0.688589
3284.509033 0.000000 5456.061035 0.000000 0.999657 0.000000 -0.026194 0.703479 0.703479 0.703479
3280.040771 0.000000 5456.268066 0.000000 0.942453 0.000000 -0.334339 0.758980 0.758980 0.758980
3283.224121 0.000000 5455.686035 0.000000 0.741214 0.000000 0.671268 0.581681 0.581681 0.581681
3280.999512 0.000000 5454.104004 0.000000 0.566818 0.000000 -0.823843 0.867502 0.867502 0.867502
"}
