object={
	name="tree_leaf_2_high_generator_1_0"
	render_pass=Map
	clamp_to_water_level=no
	generated_content=yes
	layer="tree_high_layer"
	pdxmesh="tree_leaf_01_a_mesh"
	count=31
	transform="3273.061768 0.000000 5460.519531 0.000000 0.286621 0.000000 0.958044 0.578908 0.578908 0.578908
3248.056152 0.000000 5469.897461 0.000000 0.817617 0.000000 0.575762 0.599081 0.599081 0.599081
3241.367432 0.000000 5465.109863 0.000000 0.596674 0.000000 0.802484 0.591629 0.591629 0.591629
3272.342285 0.000000 5440.243652 0.000000 0.607383 0.000000 0.794409 0.591749 0.591749 0.591749
3247.809326 0.000000 5452.984863 0.000000 0.625775 0.000000 0.780004 0.582578 0.582578 0.582578
3238.851318 0.000000 5460.517578 0.000000 0.412035 0.000000 0.911168 0.582832 0.582832 0.582832
3272.546631 0.000000 5445.346191 0.000000 0.818338 0.000000 0.574737 0.585326 0.585326 0.585326
3287.322754 0.000000 5463.010254 0.000000 0.443542 0.000000 0.896254 0.510113 0.510113 0.510113
3280.265137 0.000000 5465.768555 0.000000 0.884247 0.000000 0.467019 0.556328 0.556328 0.556328
3277.186279 0.000000 5453.557617 0.000000 0.243051 0.000000 0.970013 0.486844 0.486844 0.486844
3275.231934 0.000000 5444.949707 0.000000 0.789457 0.000000 0.613806 0.566342 0.566342 0.566342
3249.678467 0.000000 5477.416992 0.000000 0.774721 0.000000 0.632303 0.556935 0.556935 0.556935
3274.202881 0.000000 5447.250488 0.000000 0.774513 0.000000 0.632558 0.555888 0.555888 0.555888
3261.357178 0.000000 5473.575195 0.000000 0.707182 0.000000 0.707031 0.508248 0.508248 0.508248
3276.569336 0.000000 5451.564453 0.000000 0.767166 0.000000 0.641449 0.533239 0.533239 0.533239
3257.628662 0.000000 5483.055664 0.000000 0.149289 0.000000 0.988794 0.491448 0.491448 0.491448
3277.679688 0.000000 5455.392578 0.000000 0.347210 0.000000 0.937787 0.487049 0.487049 0.487049
3260.596436 0.000000 5479.462891 0.000000 0.769895 0.000000 0.638170 0.523281 0.523281 0.523281
3278.866699 0.000000 5452.701660 0.000000 0.846626 0.000000 0.532189 0.502489 0.502489 0.502489
3288.518555 0.000000 5455.434570 0.000000 0.048052 0.000000 0.998845 0.406121 0.406121 0.406121
3282.246582 0.000000 5442.640625 0.000000 0.525552 0.000000 0.850762 0.493317 0.493317 0.493317
3262.529053 0.000000 5476.293945 0.000000 0.568898 0.000000 0.822408 0.498749 0.498749 0.498749
3279.739746 0.000000 5447.239258 0.000000 0.496885 0.000000 0.867816 0.430007 0.430007 0.430007
3255.799805 0.000000 5479.403809 0.000000 0.987392 0.000000 0.158292 0.576427 0.576427 0.576427
3254.720459 0.000000 5473.046875 0.000000 0.107957 0.000000 0.994156 0.389672 0.389672 0.389672
3285.856445 0.000000 5448.274414 0.000000 0.990401 0.000000 0.138224 0.578605 0.578605 0.578605
3284.916504 0.000000 5460.367188 0.000000 0.760371 0.000000 0.649489 0.452812 0.452812 0.452812
3285.425293 0.000000 5455.018066 0.000000 0.885091 0.000000 0.465417 0.460045 0.460045 0.460045
3281.224609 0.000000 5446.390137 0.000000 0.141203 0.000000 0.989981 0.338832 0.338832 0.338832
3282.494873 0.000000 5460.258301 0.000000 0.434464 0.000000 0.900689 0.334606 0.334606 0.334606
3284.473145 0.000000 5452.245117 0.000000 0.999794 0.000000 0.020306 0.594890 0.594890 0.594890
"}
object={
	name="tree_leaf_2_high_generator_1_1"
	render_pass=Map
	clamp_to_water_level=no
	generated_content=yes
	layer="tree_high_layer"
	pdxmesh="tree_leaf_01_b_mesh"
	count=27
	transform="3279.757812 0.000000 5439.571777 0.000000 0.992766 0.000000 -0.120063 0.601262 0.601262 0.601262
3242.214111 0.000000 5456.046875 0.000000 0.455793 0.000000 -0.890086 0.621372 0.621372 0.621372
3262.259033 0.000000 5471.576172 0.000000 0.538263 0.000000 -0.842777 0.649551 0.649551 0.649551
3244.756592 0.000000 5447.750488 0.000000 0.167586 0.000000 -0.985858 0.612604 0.612604 0.612604
3255.919678 0.000000 5466.762207 0.000000 0.986644 0.000000 -0.162891 0.604657 0.604657 0.604657
3244.990723 0.000000 5460.060547 0.000000 0.785176 0.000000 -0.619273 0.610003 0.610003 0.610003
3251.447998 0.000000 5484.810547 0.000000 0.177072 0.000000 -0.984198 0.627122 0.627122 0.627122
3272.476562 0.000000 5449.060059 0.000000 0.754935 0.000000 -0.655800 0.617142 0.617142 0.617142
3281.932617 0.000000 5464.062012 0.000000 0.672569 0.000000 -0.740034 0.674877 0.674877 0.674877
3278.241211 0.000000 5443.980469 0.000000 0.267051 0.000000 -0.963682 0.726620 0.726620 0.726620
3263.936768 0.000000 5472.823730 0.000000 0.453042 0.000000 -0.891489 0.693973 0.693973 0.693973
3259.924316 0.000000 5471.539551 0.000000 0.644165 0.000000 -0.764887 0.693924 0.693924 0.693924
3277.284912 0.000000 5449.877441 0.000000 0.890402 0.000000 -0.455175 0.653798 0.653798 0.653798
3280.207275 0.000000 5449.101074 0.000000 0.296791 0.000000 -0.954943 0.839598 0.839598 0.839598
3283.062012 0.000000 5444.014648 0.000000 0.496930 0.000000 -0.867791 0.758967 0.758967 0.758967
3281.566895 0.000000 5462.319824 0.000000 0.897585 0.000000 -0.440841 0.672489 0.672489 0.672489
3287.196045 0.000000 5456.019043 0.000000 0.537066 0.000000 -0.843540 0.830063 0.830063 0.830063
3285.733398 0.000000 5450.367676 0.000000 0.999236 0.000000 -0.039090 0.607848 0.607848 0.607848
3279.999023 0.000000 5451.498535 0.000000 0.348338 0.000000 -0.937369 0.794738 0.794738 0.794738
3278.507568 0.000000 5454.094727 0.000000 0.493078 0.000000 -0.869985 0.789669 0.789669 0.789669
3282.834717 0.000000 5450.825195 0.000000 0.520540 0.000000 -0.853837 0.832993 0.832993 0.832993
3281.720215 0.000000 5451.790527 0.000000 0.749745 0.000000 -0.661727 0.753812 0.753812 0.753812
3286.342041 0.000000 5458.050781 0.000000 0.490669 0.000000 -0.871346 0.813937 0.813937 0.813937
3283.566650 0.000000 5453.380859 0.000000 0.830493 0.000000 -0.557029 0.761067 0.761067 0.761067
3288.957031 0.000000 5442.086914 0.000000 0.516878 0.000000 -0.856059 0.603079 0.603079 0.603079
3288.820557 0.000000 5463.420410 0.000000 0.949511 0.000000 -0.313733 0.609082 0.609082 0.609082
3290.879395 0.000000 5448.183594 0.000000 0.822699 0.000000 -0.568477 0.605434 0.605434 0.605434
"}
