object={
	name="bridge 01"
	clamp_to_water_level=no
	render_under_water=yes
	generated_content=no
	layer="temp_layer"
	pdxmesh="bridge_01_mesh"
	count=40
	transform="3207.895020 0.000000 5030.325195 0.000000 0.000000 0.000000 1.000000 1.000000 1.000000 1.000000
2994.816895 0.000000 4980.250000 0.000000 -0.372823 0.000000 0.927902 1.000000 1.000000 1.000000
2936.930420 0.000000 4948.826172 0.000000 0.481540 0.000000 0.876424 1.000000 1.000000 1.000000
2867.360840 0.000000 4922.485352 0.000000 0.602530 0.000000 0.798096 1.000000 1.000000 1.000000
2778.001709 0.000000 4960.432617 0.000000 0.574205 0.000000 0.818711 1.000000 1.000000 1.000000
3145.398193 0.000000 5008.709961 0.000000 0.395448 0.000000 0.918489 1.000000 1.000000 1.000000
3219.562744 0.000000 5036.279297 0.000000 0.571003 0.000000 0.820948 1.000000 1.000000 1.000000
3327.739014 0.000000 5155.001953 0.000000 0.274448 0.000000 0.961602 1.000000 1.000000 1.000000
3035.791992 0.000000 5089.875000 0.000000 0.616537 0.000000 0.787326 1.000000 1.000000 1.000000
2963.569336 0.000000 5106.005859 0.000000 0.309238 0.000000 0.950985 1.000000 1.000000 1.000000
2896.560059 0.000000 5065.765137 0.000000 -0.358251 0.000000 0.933625 1.000000 1.000000 1.000000
2856.824463 0.000000 5140.986328 0.000000 -0.142096 0.000000 0.989853 1.000000 1.000000 1.000000
2814.883545 0.000000 5230.952637 0.000000 0.000000 0.000000 1.000000 1.000000 1.000000 1.000000
2856.140137 0.000000 5385.994141 0.000000 0.144421 0.000000 0.989516 1.000000 1.000000 1.000000
3073.264404 0.000000 5269.524902 0.000000 -0.498988 0.000000 0.866609 1.000000 1.000000 1.000000
3083.567139 0.000000 5269.611816 0.000000 0.094160 0.000000 0.995557 1.000000 1.000000 1.000000
3217.573242 0.000000 5290.178223 0.000000 0.000000 0.000000 1.000000 1.000000 1.000000 1.000000
3304.315918 0.000000 5265.051270 0.000000 0.393148 0.000000 0.919475 1.000000 1.000000 1.000000
3412.372559 0.000000 5302.365723 0.000000 0.400291 0.000000 0.916388 1.000000 1.000000 1.000000
3382.322754 0.000000 5331.687012 0.000000 0.134449 0.000000 0.990921 1.000000 1.000000 1.000000
2846.528564 0.000000 5505.652832 0.000000 0.692019 0.000000 0.721879 1.000000 1.000000 1.000000
2917.645020 0.000000 5542.242676 0.000000 0.202747 0.000000 0.979231 1.000000 1.000000 1.000000
3125.490723 0.000000 5547.051758 0.000000 -0.222309 0.000000 0.974976 1.000000 1.000000 1.000000
3164.507812 0.000000 5467.640137 0.000000 -0.415504 0.000000 0.909591 1.000000 1.000000 1.000000
3197.381836 0.000000 5455.972656 0.000000 -0.205018 0.000000 0.978758 1.000000 1.000000 1.000000
3100.721924 0.000000 5597.252441 0.000000 0.000000 0.000000 1.000000 1.000000 1.000000 1.000000
2935.490723 0.000000 5644.455566 0.000000 -0.250921 0.000000 0.968008 1.000000 1.000000 1.000000
3142.644043 0.000000 5635.388184 0.000000 -0.219630 0.000000 0.975583 1.000000 1.000000 1.000000
3106.246094 0.000000 5638.809082 0.000000 0.131787 0.000000 0.991278 1.000000 1.000000 1.000000
3084.752197 0.000000 5644.367188 0.000000 0.686935 0.000000 0.726719 1.000000 1.000000 1.000000
3104.202393 0.000000 5685.392578 0.000000 -0.238731 0.000000 0.971086 1.000000 1.000000 1.000000
2957.137207 0.000000 5793.178711 0.000000 0.299063 0.000000 0.954233 1.000000 1.000000 1.000000
3048.272217 0.000000 5806.916504 0.000000 0.430134 0.000000 0.902765 1.000000 1.000000 1.000000
3065.564209 0.000000 5849.625977 0.000000 -0.023069 0.000000 0.999734 1.000000 1.000000 1.000000
2955.561523 0.000000 5845.610840 0.000000 0.867113 0.000000 0.498111 1.000000 1.000000 1.000000
3026.173584 0.000000 5922.071289 0.000000 0.740307 0.000000 0.672269 1.000000 1.000000 1.000000
3035.500732 0.000000 5919.791016 0.000000 0.766858 0.000000 0.641816 1.000000 1.000000 1.000000
3059.796143 0.000000 5905.872559 0.000000 -0.150247 0.000000 0.988649 1.000000 1.000000 1.000000
3120.742676 0.000000 5902.315918 0.000000 0.752190 0.000000 0.658946 1.000000 1.000000 1.000000
2943.879150 0.000000 6094.257324 0.000000 -0.226770 0.000000 0.973948 1.000000 1.000000 1.000000
"}
