object={
	name="lakes"
	clamp_to_water_level=no
	render_under_water=no
	generated_content=no
	layer="lake_layer"
	pdxmesh="lake_mesh"
	count=4
	transform="4137.757324 7.765625 3690.372559 0.000000 0.948096 0.000000 0.317985 117.899933 117.899933 117.899933
4264.961914 7.639893 3849.944824 0.000000 0.948096 0.000000 0.317985 17.857168 17.857168 17.857168
4643.716309 6.245117 3973.516602 0.000000 0.275621 0.000000 0.961266 88.283745 88.283745 88.283745
4208.562012 6.707764 3814.742432 0.000000 0.948096 0.000000 0.317985 49.632195 49.632195 49.632195
"}
