object={
	name="hadrians wall 01"
	clamp_to_water_level=no
	render_under_water=no
	generated_content=no
	layer="temp_layer"
	pdxmesh="hadrians_wall_01_a_mesh"
	count=7
	transform="2924.788818 0.000000 5921.934082 0.000000 -0.301771 0.000000 0.953381 1.000000 1.000000 1.000000
2945.677490 0.000000 5928.437988 0.000000 -0.058095 0.000000 0.998311 1.000000 1.000000 1.000000
2988.112305 0.000000 5930.797363 0.000000 0.010765 0.000000 0.999942 1.000000 1.000000 1.000000
3050.765869 0.000000 5926.565918 0.000000 0.123509 0.000000 0.992344 1.000000 1.000000 1.000000
3084.389404 0.000000 5918.379395 0.000000 0.109521 0.000000 0.993984 1.000000 1.000000 1.000000
3109.257812 0.000000 5907.821777 0.000000 0.129367 0.000000 0.991597 1.000000 1.000000 1.000000
2881.907471 0.000000 5930.820801 0.000000 0.000000 0.000000 1.000000 1.000000 1.000000 1.000000
"}
object={
	name="hadrians wall 02"
	clamp_to_water_level=no
	render_under_water=no
	generated_content=no
	layer="temp_layer"
	pdxmesh="hadrians_wall_01_b_mesh"
	count=21
	transform="2999.352051 0.000000 5930.241699 0.000000 0.003288 0.000000 0.999995 1.000000 1.000000 1.000000
2976.874023 0.000000 5931.349121 0.000000 -0.091783 0.000000 -0.995779 1.000000 1.000000 1.000000
2964.904053 0.000000 5930.844727 0.000000 -0.162883 0.000000 0.986645 1.000000 1.000000 1.000000
2956.919189 0.000000 5929.141113 0.000000 -0.002007 0.000000 0.999998 1.000000 1.000000 1.000000
2930.719971 0.000000 5924.390137 0.000000 -0.114691 0.000000 0.993401 1.000000 1.000000 1.000000
2913.885498 0.000000 5921.800781 0.000000 0.384854 0.000000 0.922977 1.000000 1.000000 1.000000
3007.277588 0.000000 5931.037598 0.000000 -0.068002 0.000000 0.997685 1.000000 1.000000 1.000000
3014.685303 0.000000 5931.956543 0.000000 -0.040730 0.000000 0.999170 1.000000 1.000000 1.000000
3021.932373 0.000000 5933.678711 0.000000 0.991926 0.000000 0.126820 1.000000 1.000000 1.000000
3028.916504 0.000000 5934.145020 0.000000 0.000000 0.000000 1.000000 1.000000 1.000000 1.000000
3035.848877 0.000000 5932.327148 0.000000 0.260480 0.000000 0.965479 1.000000 1.000000 1.000000
3042.678955 0.000000 5928.628418 0.000000 0.233571 0.000000 0.972340 1.000000 1.000000 1.000000
3057.244629 0.000000 5924.745117 0.000000 0.097623 0.000000 0.995224 1.000000 1.000000 1.000000
3064.605957 0.000000 5922.989746 0.000000 0.128882 0.000000 0.991660 1.000000 1.000000 1.000000
3071.745850 0.000000 5921.432129 0.000000 0.051979 0.000000 0.998648 1.000000 1.000000 1.000000
3078.238037 0.000000 5920.050781 0.000000 0.159533 0.000000 0.987193 1.000000 1.000000 1.000000
3089.353271 0.000000 5916.521484 0.000000 0.158930 0.000000 0.987290 1.000000 1.000000 1.000000
3096.307861 0.000000 5913.422363 0.000000 0.237782 0.000000 0.971319 1.000000 1.000000 1.000000
3103.110107 0.000000 5910.103027 0.000000 0.190300 0.000000 0.981726 1.000000 1.000000 1.000000
2897.470947 0.000000 5927.185547 0.000000 0.000000 0.000000 1.000000 1.000000 1.000000 1.000000
3115.793213 0.000000 5906.100586 0.000000 0.067575 0.000000 0.997714 1.000000 1.000000 1.000000
"}
object={
	name="hadrians wall 03"
	clamp_to_water_level=no
	render_under_water=no
	generated_content=no
	layer="temp_layer"
	pdxmesh="hadrians_wall_01_c_mesh"
	count=23
	transform="2993.270996 0.000000 5930.535645 0.000000 0.280129 0.000000 0.959962 1.000000 1.000000 1.000000
2980.727295 0.000000 5930.835938 0.000000 -0.982615 0.000000 0.185657 1.000000 1.000000 1.000000
2970.939453 0.000000 5932.287598 0.000000 0.163727 0.000000 0.986506 1.000000 1.000000 1.000000
2950.731445 0.000000 5929.408203 0.000000 0.103459 0.000000 0.994633 1.000000 1.000000 1.000000
2940.511719 0.000000 5927.105469 0.000000 0.999999 0.000000 0.000301 1.000000 1.000000 1.000000
2936.312744 0.000000 5925.796875 0.000000 -0.997702 0.000000 0.067746 1.000000 1.000000 1.000000
2905.185547 0.000000 5928.567383 0.000000 0.287481 0.000000 0.957787 1.000000 1.000000 1.000000
2909.235840 0.000000 5926.700195 0.000000 -0.452535 0.000000 -0.891747 1.000000 1.000000 1.000000
2919.616943 0.000000 5919.369141 0.000000 0.996457 0.000000 -0.084103 1.000000 1.000000 1.000000
2984.811035 0.000000 5931.211426 0.000000 0.999619 0.000000 -0.027619 1.000000 1.000000 1.000000
2907.718262 0.000000 5927.449707 0.000000 0.359875 0.000000 0.933001 1.000000 1.000000 1.000000
2911.078613 0.000000 5925.188477 0.000000 0.569047 0.000000 0.822305 1.000000 1.000000 1.000000
2917.570557 0.000000 5919.016113 0.000000 -0.910819 0.000000 0.412806 1.000000 1.000000 1.000000
2948.964355 0.000000 5929.206055 0.000000 0.999658 0.000000 -0.026155 1.000000 1.000000 1.000000
2938.515381 0.000000 5926.693359 0.000000 1.000000 0.000000 -0.000920 1.000000 1.000000 1.000000
2922.216797 0.000000 5920.516602 0.000000 0.996247 0.000000 0.086557 1.000000 1.000000 1.000000
2969.251465 0.000000 5932.301270 0.000000 0.000000 0.000000 1.000000 1.000000 1.000000 1.000000
3047.372314 0.000000 5927.081543 0.000000 -0.959507 0.000000 0.281684 1.000000 1.000000 1.000000
2902.518555 0.000000 5927.873047 0.000000 0.000000 0.000000 1.000000 1.000000 1.000000 1.000000
2892.603271 0.000000 5927.554688 0.000000 -0.959094 0.000000 0.283089 1.000000 1.000000 1.000000
2888.428955 0.000000 5928.607422 0.000000 0.928276 0.000000 -0.371893 1.000000 1.000000 1.000000
2885.078125 0.000000 5930.222656 0.000000 0.391267 0.000000 0.920277 1.000000 1.000000 1.000000
3121.435547 0.000000 5904.665527 0.000000 0.444815 0.000000 0.895622 1.000000 1.000000 1.000000
"}
object={
	name="hadrians wall 04"
	clamp_to_water_level=no
	render_under_water=no
	generated_content=no
	layer="temp_layer"
	pdxmesh="hadrians_wall_01_d_mesh"
	count=5
	transform="2988.697266 0.000000 5936.908691 0.000000 0.899072 0.000000 0.437801 1.000000 1.000000 1.000000
2997.362305 0.000000 5928.440430 0.000000 0.069596 0.000000 -0.997576 1.000000 1.000000 1.000000
3012.979980 0.000000 5926.948730 0.000000 0.422586 0.000000 0.906323 1.000000 1.000000 1.000000
2972.785156 0.000000 5931.693359 0.000000 0.775687 0.000000 -0.631118 1.000000 1.000000 1.000000
2936.397705 0.000000 5927.824219 0.000000 0.037070 0.000000 0.999313 1.000000 1.000000 1.000000
"}
object={
	name="mines"
	clamp_to_water_level=no
	render_under_water=no
	generated_content=no
	layer="temp_layer"
	pdxmesh="building_special_mines_mesh"
	count=0
}
object={
	name="special_brihadeeswarar_temple"
	clamp_to_water_level=no
	render_under_water=no
	generated_content=no
	layer="temp_layer"
	pdxmesh="building_special_brihadeeswarar_temple_mesh"
	count=0
}
object={
	name="special_building_petra"
	clamp_to_water_level=no
	render_under_water=no
	generated_content=no
	layer="temp_layer"
	pdxmesh="building_special_petra_mesh"
	count=0
}
object={
	name="special_cathedral_generic"
	clamp_to_water_level=no
	render_under_water=no
	generated_content=no
	layer="temp_layer"
	pdxmesh="building_special_cathedral_generic_mesh"
	count=0
}
object={
	name="special_cathedral_pagan"
	clamp_to_water_level=no
	render_under_water=no
	generated_content=no
	layer="temp_layer"
	pdxmesh="building_special_cathedral_pagan_mesh"
	count=0
}
object={
	name="special_colosseum"
	clamp_to_water_level=no
	render_under_water=no
	generated_content=no
	layer="temp_layer"
	pdxmesh="building_special_colosseum_mesh"
	count=0
}
object={
	name="special_great_mosque_of_djenne"
	clamp_to_water_level=no
	render_under_water=no
	generated_content=no
	layer="temp_layer"
	pdxmesh="building_special_great_mosque_of_djenne_mesh"
	count=0
}
object={
	name="special_great_mosque_of_mecca"
	clamp_to_water_level=no
	render_under_water=no
	generated_content=no
	layer="temp_layer"
	pdxmesh="building_special_great_mosque_of_mecca_mesh"
	count=0
}
object={
	name="special_notre_dame"
	clamp_to_water_level=no
	render_under_water=no
	generated_content=no
	layer="temp_layer"
	pdxmesh="building_special_notre_dame_mesh"
	count=0
}
object={
	name="special_palace_of_aachen"
	clamp_to_water_level=no
	render_under_water=no
	generated_content=no
	layer="temp_layer"
	pdxmesh="building_special_palace_of_aachen_mesh"
	count=0
}
object={
	name="special_pyramids_giza"
	clamp_to_water_level=no
	render_under_water=no
	generated_content=no
	layer="temp_layer"
	pdxmesh="building_special_pyramids_giza_mesh"
	count=0
}
object={
	name="special_stonehenge"
	clamp_to_water_level=no
	render_under_water=no
	generated_content=no
	layer="temp_layer"
	pdxmesh="building_special_stonehenge_mesh"
	count=0
}
object={
	name="special_tower_of_london"
	clamp_to_water_level=no
	render_under_water=no
	generated_content=no
	layer="temp_layer"
	pdxmesh="building_special_tower_of_london_mesh"
	count=0
}
